State 0
0 0 20 0 0
1 0 20 0 0
2 0 20 0 0
3 0 20 0 0
Command 1
8
6
4
7
State 1
0 3 15 5 0
1 3 16 4 1
1 2 18 2 0
2 3 15 5 0
Command 2
8
0
3
7
State 2
0 6 10 10 1
1 4 16 4 0
1 3 17 3 0
2 6 10 10 1
Command 3
0
6
3
0
State 3
0 7 10 10 0
1 7 12 8 0
1 5 16 4 0
2 7 10 10 0
Command 4
8
3
3
0
State 4
1 10 5 15 0
1 9 11 9 0
1 7 15 5 0
2 8 10 10 0
Command 5
3
1
3
0
State 5
1 12 4 16 0
0 10 10 10 0
1 9 14 6 0
2 9 10 10 0
Command 6
3
3
5
0
State 6
1 14 3 17 0
0 12 9 11 0
2 11 12 8 0
2 10 10 10 0
Command 7
3
3
3
3
State 7
1 16 2 18 0
0 14 8 12 0
2 13 11 9 0
2 12 9 11 0
Command 8
3
3
3
3
State 8
1 18 1 19 0
0 16 7 13 0
2 15 10 10 0
2 14 8 12 0
Command 9
3
3
3
3
State 9
1 20 0 20 0
0 18 6 14 0
2 17 9 11 0
2 16 7 13 0
