State 0
0 0 8 0 0
1 0 8 0 0
3 0 8 0 0
4 0 8 0 0
5 0 8 0 0
6 0 8 0 0
Command 1
6
3
0
7
7
8
State 1
0 3 4 4 0
1 2 7 1 0
3 1 8 0 0
3 3 3 5 0
4 3 3 5 0
6 3 3 5 0
Command 2
6
3
0
4
4
5
State 2
0 6 0 8 0
1 4 6 2 0
3 2 8 0 0
2 5 1 7 0
3 5 1 7 0
6 5 1 7 0
Command 3
0
3
0
1
0
3
State 3
0 7 0 8 0
1 6 5 3 1
3 3 8 0 0
2 6 0 8 0
3 6 1 7 0
6 7 0 8 0
Command 4
0
0
0
0
0
0
State 4
0 8 0 8 0
1 7 5 3 0
3 4 8 0 0
2 7 0 8 0
3 7 1 7 0
6 8 0 8 0
Command 5
0
3
0
0
0
0
State 5
0 9 0 8 0
1 9 4 4 0
3 5 8 0 0
2 8 0 8 0
3 8 1 7 0
6 9 0 8 0
Command 6
0
3
0
0
0
0
State 6
0 10 0 8 0
1 11 3 5 0
3 6 8 0 0
2 9 0 8 0
3 9 1 7 0
6 10 0 8 0
