State 0
0 0 40 0 0
1 0 40 0 0
2 0 40 0 0
4 0 40 0 0
5 0 40 0 0
Command 1
8
6
8
7
8
State 1
0 3 35 5 0
1 3 36 4 1
2 3 35 5 1
4 3 35 5 1
5 3 35 5 0
Command 2
7
0
0
0
7
State 2
0 6 30 10 0
1 4 36 4 0
2 4 35 5 0
4 4 35 5 0
4 6 30 10 0
Command 3
6
6
8
7
6
State 3
0 9 26 14 0
1 7 32 8 0
2 7 30 10 1
4 7 30 10 1
4 9 26 14 0
Command 4
5
6
0
0
5
State 4
1 11 24 16 0
1 10 28 12 0
2 8 30 10 0
4 8 30 10 0
5 11 24 16 0
Command 5
4
6
3
7
4
State 5
0 13 22 18 0
1 12 24 16 0
2 10 29 11 0
3 11 25 15 0
4 13 22 18 0
Command 6
3
6
3
7
3
State 6
0 15 21 19 0
1 15 20 20 0
2 12 28 12 0
2 14 20 20 0
4 15 21 19 0
Command 7
2
6
3
7
2
State 7
1 16 20 20 0
1 18 15 25 0
2 14 27 13 0
1 17 14 26 0
5 16 20 20 0
Command 8
1
6
3
7
1
State 8
0 17 19 21 0
1 21 10 30 0
2 16 26 14 0
0 20 8 32 0
4 17 19 21 0
